9403
31098
44380
8931
20755
10424
16735
43265
11587
14787
45808
31549
36879
2458
48723
25649
2480
20731
14138
7252
34534
7782
38817
29070
37627
14963
44929
19306
26133
38776
24853
19636
5193
26909
43849
26805
24222
26496
22076
47117
23445
36195
17249
24262
50061
40129
1871
28086
18771
6630
11132
42373
28942
43459
13188
13151
2317
10685
25659
45379
30904
51306
37104
7455
38634
44007
40991
12268
16443
19597
3034
1449
25622
49093
24750
104
4848
442
37022
15000
42078
38758
21720
45634
15679
8268
40431
12186
27283
6163
30264
47158
28804
30108
36642
25299
19990
13095
26417
19052
40843
32784
9132
33202
13653
37006
44892
23648
33431
14912
23547
34159
7491
11517
46504
25963
26432
25762
8635
9725
33759
24529
36650
21157
16589
10512
946
16927
18150
39211
21850
30383
16070
38555
4421
49781
31896
1671
17748
19298
43748
14693
35854
3052
39945
10943
2555
44709
10713
45972
45235
36221
41502
20757
26492
3231
7352
37730
36436
4487
25950
15635
35518
31852
4410
49831
32167
37755
13436
16028
16071
28707
23013
34026
27578
31106
5724
30485
9992
9446
31514
1390
18152
8977
33007
39741
49844
27114
20968
38231
27132
30784
7512
26692
26973
38145
20841
46520
37024
36215
45670
24596
10746
29756
32247
50576
279
38201
39298
42266
46851
39288
23861
35634
42732
43650
31191
42665
36668
3394
16311
35828
48143
3536
48482
41914
31200
4655
43321
20213
32568
20221
27139
24788
34508
20509
49276
43147
40130
33708
13190
22111
5915
27912
11707
49370
40412
49308
13300
24357
11037
36021
14189
9338
27699
35861
34174
5060
39473
3590
15401
40265
16199
25398
29688
8098
5478
46476
11121
41576
11798
9104
51004
40570
22223
16604
34688
50380
12486
36655
11541
39994
35219
20633
25784
49418
50335
16470
42139
12062
36973
37602
32911
47656
9721
13041
3528
14751
4386
50905
32028
9239
33564
10256
23635
26184
12642
49616
28008
36639
20372
14714
55
15672
38433
34156
48154
861
43123
8808
42963
23247
920
25759
46293
46534
44899
11169
41336
31588
39847
8886
8939
5200
25288
38339
33935
38448
31679
27993
5587
48282
50069
23723
16118
27480
34503
19026
20762
31814
5198
11488
13786
49921
15995
14416
50736
1753
10894
11534
20607
30495
17360
8031
3116
42791
43438
51108
19991
8093
17279
9505
26669
15032
44689
15474
40298
37698
6602
17817
12869
1739
27622
50399
25317
22983
162
24387
19405
50138
45829
8707
29376
21877
23059
9640
10942
25163
21421
13615
47850
4996
6153
43297
11600
36586
45088
11171
34825
48006
32429
37300
46319
46905
45230
4663
41325
39613
48902
38798
39913
11476
4232
18030
39862
21431
47634
44427
27932
5730
40533
27080
24785
50176
32350
27537
24111
36613
20468
47401
15300
29790
25011
32237
47115
25071
860
17816
18112
3438
6612
34143
19142
43278
11561
30404
18178
20466
48198
5836
23453
5527
15702
22490
39225
43580
5237
5737
14653
31478
21312
7876
31779
45265
19920
4440
6688
12624
50111
29460
45932
50831
45040
27305
14230
4512
26385
39802
27123
24840
3579
3461
48629
17556
12734
19042
35123
3299
16603
16829
43465
13217
19703
40493
41055
48957
7630
44171
44233
22199
31487
40142